cam_width: 640
cam_height: 480
cam_fx: 385.5018310546875
cam_fy: 385.5018310546875
cam_cx: 324.2211608886719
cam_cy: 240.7614288330078
