%YAML:1.0

cam0:
  T_imu_cam: # imu 相对于相机0 的位姿
    - [1.1331991078947223e-02, -2.6654243754217254e-03, 9.9993223844972901e-01, 7.0973887447243186e-02]
    - [-9.9983786248816420e-01, -1.4025148090019535e-02, 1.1293536034031246e-02, 2.3608812283240549e-02]
    - [1.3994095658012363e-02, -9.9989809017416975e-01, -2.8239250631825197e-03, 5.9371656330827784e-02]
    - [0.0, 0.0, 0.0, 1.0]

  cam_overlaps: [1]
  camera_model: pinhole
  distortion_coeffs: [0, 0, 0, 0]
  distortion_model: radtan
  intrinsics: [386.20684814453125, 386.20684814453125, 322.0758361816406, 239.9720458984375] #fu, fv, cu, cv
  resolution: [640, 480]
  rostopic: /camera/infra1/image_rect_raw
cam1:
  T_imu_cam: # imu 相对于相机1 的位姿
    - [1.2939737004759477e-02, -2.2394744481013737e-03, 9.9991377026243822e-01, 7.0278036410687292e-02]
    - [-9.9981769314995095e-01, -1.4070904147789998e-02, 1.2906979537223319e-02, -2.5498649308729207e-02]
    - [1.4040785966542237e-02, -9.9989849205339842e-01, -2.4211399756606244e-03, 5.9832460063795209e-02]
    - [0.0, 0.0, 0.0, 1.0]
  cam_overlaps: [0]
  camera_model: pinhole
  distortion_coeffs: [0, 0, 0, 0]
  distortion_model: radtan
  intrinsics: [386.20684814453125, 386.20684814453125, 322.0758361816406, 239.9720458984375] #fu, fv, cu, cv
  resolution: [640, 480]
  rostopic: /camera/infra2/image_rect_raw
