cam_width: 640
cam_height: 480
cam_fx: 386.20684814453125
cam_fy: 386.20684814453125
cam_cx: 322.0758361816406
cam_cy: 239.9720458984375