drone_id: 1
fx: 385.5018310546875
fy: 385.5018310546875
cx: 324.2211608886719
cy: 240.7614288330078